{
  "schemaVersion": "archcode-hic-v0.1",
  "genome": "hg19",
  "chrom": "chr11",
  "startBp": 5200000,
  "endBp": 5350000,
  "binSize": 10000,
  "nBins": 15,
  "matrix": [
    [1.0, 0.45, 0.32, 0.28, 0.22, 0.18, 0.15, 0.12, 0.10, 0.08, 0.07, 0.06, 0.05, 0.04, 0.04],
    [0.45, 1.0, 0.48, 0.35, 0.29, 0.24, 0.19, 0.16, 0.13, 0.11, 0.09, 0.07, 0.06, 0.05, 0.04],
    [0.32, 0.48, 1.0, 0.52, 0.38, 0.31, 0.25, 0.21, 0.17, 0.14, 0.11, 0.09, 0.07, 0.06, 0.05],
    [0.28, 0.35, 0.52, 1.0, 0.55, 0.41, 0.33, 0.27, 0.22, 0.18, 0.15, 0.12, 0.10, 0.08, 0.06],
    [0.22, 0.29, 0.38, 0.55, 1.0, 0.58, 0.44, 0.36, 0.29, 0.24, 0.19, 0.16, 0.13, 0.10, 0.08],
    [0.18, 0.24, 0.31, 0.41, 0.58, 1.0, 0.62, 0.47, 0.38, 0.31, 0.25, 0.21, 0.17, 0.14, 0.11],
    [0.15, 0.19, 0.25, 0.33, 0.44, 0.62, 1.0, 0.65, 0.49, 0.40, 0.33, 0.27, 0.22, 0.18, 0.15],
    [0.12, 0.16, 0.21, 0.27, 0.36, 0.47, 0.65, 1.0, 0.68, 0.51, 0.42, 0.34, 0.28, 0.23, 0.19],
    [0.10, 0.13, 0.17, 0.22, 0.29, 0.38, 0.49, 0.68, 1.0, 0.71, 0.53, 0.44, 0.36, 0.29, 0.24],
    [0.08, 0.11, 0.14, 0.18, 0.24, 0.31, 0.40, 0.51, 0.71, 1.0, 0.74, 0.55, 0.45, 0.37, 0.30],
    [0.07, 0.09, 0.11, 0.15, 0.19, 0.25, 0.33, 0.42, 0.53, 0.74, 1.0, 0.77, 0.57, 0.47, 0.38],
    [0.06, 0.07, 0.09, 0.12, 0.16, 0.21, 0.27, 0.34, 0.44, 0.55, 0.77, 1.0, 0.80, 0.59, 0.49],
    [0.05, 0.06, 0.07, 0.10, 0.13, 0.17, 0.22, 0.28, 0.36, 0.45, 0.57, 0.80, 1.0, 0.83, 0.61],
    [0.04, 0.05, 0.06, 0.08, 0.10, 0.14, 0.18, 0.23, 0.29, 0.37, 0.47, 0.59, 0.83, 1.0, 0.85],
    [0.04, 0.04, 0.05, 0.06, 0.08, 0.11, 0.15, 0.19, 0.24, 0.30, 0.38, 0.49, 0.61, 0.85, 1.0]
  ],
  "metadata": {
    "mode": "P1-matrix",
    "cellType": "GM12878",
    "description": "Wild type Hi-C matrix for HBB locus validation"
  }
}
